100 20.0 1.0 true 0.25 0.25
0 19.500 4.360 0.250 62
1 7.560 9.630 0.250 81
2 11.130 17.830 0.250 70,78
3 9.950 9.290 0.250 36
4 17.070 10.340 0.250 80,20,69
5 15.790 15.290 0.250 
6 5.890 2.850 0.250 21
7 0.860 14.030 0.250 51,88,92
8 6.360 16.980 0.250 89,46
9 17.810 3.920 0.250 
10 9.000 15.010 0.250 83
11 16.250 4.280 0.250 29
12 7.840 17.860 0.250 46,37
13 6.260 6.140 0.250 34
14 0.990 11.210 0.250 55,65,91
15 4.680 10.620 0.250 27
16 3.680 7.420 0.250 
17 12.360 3.950 0.250 
18 2.630 3.350 0.250 74,49
19 12.980 11.180 0.250 94,44
20 17.600 10.060 0.250 4
21 5.970 2.660 0.250 6
22 0.410 7.670 0.250 
23 8.790 8.140 0.250 
24 10.580 12.010 0.250 
25 11.940 0.880 0.250 
26 13.730 17.960 0.250 
27 4.530 11.950 0.250 58,15
28 15.210 6.770 0.250 67
29 16.100 4.080 0.250 11
30 0.640 0.520 0.250 31
31 19.530 0.820 0.250 30
32 9.490 3.560 0.250 98,64,59
33 15.760 19.860 0.250 
34 5.740 6.230 0.250 13
35 9.380 1.580 0.250 41
36 10.540 9.520 0.250 3
37 8.070 16.640 0.250 12,46
38 4.100 19.760 0.250 61
39 7.170 15.410 0.250 
40 1.400 17.030 0.250 
41 8.340 2.220 0.250 47,35
42 15.900 8.680 0.250 80,96,50
43 18.870 16.250 0.250 76
44 13.600 11.050 0.250 94,19
45 14.920 13.110 0.250 
46 6.880 17.040 0.250 89,12,8,37
47 7.370 1.500 0.250 41,72,53
48 9.100 6.070 0.250 
49 2.560 1.930 0.250 18
50 16.630 8.070 0.250 42
51 0.700 14.850 0.250 7,88,92,99
52 13.560 9.070 0.250 87
53 6.150 0.810 0.250 47,72
54 11.090 5.090 0.250 98,64,59
55 1.560 11.420 0.250 14,65,91
56 17.690 1.590 0.250 95
57 18.280 5.910 0.250 
58 4.190 12.910 0.250 27
59 10.100 4.410 0.250 98,64,32,54
60 3.750 17.220 0.250 85
61 3.880 19.000 0.250 38
62 0.530 5.220 0.250 0
63 13.060 14.800 0.250 
64 9.950 4.310 0.250 98,32,59,54
65 1.450 12.300 0.250 55,14,91
66 2.750 15.180 0.250 93,88
67 15.650 6.150 0.250 68,28
68 16.740 6.150 0.250 67
69 16.110 11.180 0.250 4
70 10.870 16.710 0.250 2,83
71 10.950 7.880 0.250 
72 7.180 1.000 0.250 47,53
73 5.160 4.220 0.250 
74 2.640 3.950 0.250 18
75 4.860 15.160 0.250 
76 17.530 16.060 0.250 43
77 15.160 2.850 0.250 79
78 11.990 18.540 0.250 2
79 14.810 2.960 0.250 77
80 15.980 9.610 0.250 4,96,42
81 7.130 9.580 0.250 1
82 10.310 19.760 0.250 
83 10.290 15.420 0.250 70,10
84 3.100 5.970 0.250 
85 3.260 17.110 0.250 93,60
86 15.250 18.160 0.250 
87 13.720 7.690 0.250 52
88 1.850 14.280 0.250 51,7,99,66
89 5.510 16.590 0.250 8,46
90 15.800 1.380 0.250 
91 0.890 11.100 0.250 55,14,65
92 0.320 13.630 0.250 51,7
93 3.070 15.840 0.250 66,85
94 13.670 12.100 0.250 19,44
95 17.200 2.530 0.250 56
96 15.100 9.480 0.250 80,42
97 7.740 13.070 0.250 
98 10.410 4.590 0.250 64,32,59,54
99 1.200 15.510 0.250 51,88
